
16.5594220825 9.69460329711 11.9981491212 12.9515888195 10.186205419 8.34671273753 
9.69460329711 9.96241639278 6.79819758746 7.43296489022 8.38158988812 6.8994443069 
11.9981491212 6.79819758746 12.8112452099 9.93384959406 8.46252126335 7.19169033393 
12.9515888195 7.43296489022 9.93384959406 12.7548865114 7.94626614881 6.46190886146 
10.186205419 8.38158988812 8.46252126335 7.94626614881 18.142503391 5.3219643408 
8.34671273753 6.8994443069 7.19169033393 6.46190886146 5.3219643408 8.20636694984 