// var data = d3.range(10).map(Math.random);


// d3.json("result.json", function(data) {
    data = {"portfolio": [[0.231969206131429, 0.08643804743064486, 0.09530786836838066, 0.13356881208458996, 0.06079905528705704, 0.2727001254108209, 0.11921688528707752], [0.13716283393849552, 0.007423719814216386, 0.12171896861550502, 0.16841291694165744, 0.2114494028730948, 0.30234059153790405, 0.05149156627912689], [0.1959837396375983, 0.11615144428696716, 0.19131456472044162, 0.022776439625213522, 0.1161121424455821, 0.09036161309594662, 0.2673000561882507], [0.41594541463135287, 0.17082600330068498, 0.08403117350178406, 0.015015443324231674, 0.2053078054162101, 0.06177376883252871, 0.047100390993207536], [0.16486331303662288, 0.12114132357620233, 0.17149760342486814, 0.1302838115535145, 0.26069641123720566, 0.09066747131304964, 0.06085006585853694], [0.10791997303299422, 0.20760393203329586, 0.1146195880309667, 0.2013343106221588, 0.10704011835312816, 0.1670334846008849, 0.09444859332657142], [0.08886810508592159, 0.24558320738820147, 0.22061143639407926, 0.3355698533056745, 0.08546406636619687, 0.01731260962539169, 0.006590721834534578], [0.12514406704437975, 0.12950463937658735, 0.12590489766363558, 0.1564576097551381, 0.01570290095751201, 0.10580957460511699, 0.3414763105976302], [0.08834720805123551, 0.06525789341977392, 0.18296993425693084, 0.10695419890718692, 0.11583812092229397, 0.02057207047990618, 0.42006057396267266], [0.32133056860144726, 0.07958406399080752, 0.06742890953499771, 0.037649580775131884, 0.16056554520664154, 0.2961941716009954, 0.03724716028997873], [0.03703023512806033, 0.2141611331296736, 0.16242351904452001, 0.18160370093250336, 0.14349771331131025, 0.1479315234611313, 0.11335217499280113], [0.2553473365225405, 0.020967980396445124, 0.10338552811945936, 0.002473505703994557, 0.30201209014565206, 0.06689972432799919, 0.2489138347839092], [0.3115734516294871, 0.2830705129203346, 0.05364442074126847, 0.01719862606628417, 0.19020307424020844, 0.11736592305893398, 0.0269439913434834], [0.23406581113753178, 0.17232876479418283, 0.3528173073642224, 0.022378025918823274, 0.09676994963917762, 0.022746687888603463, 0.09889345325745866], [0.13183117221783575, 0.04749130870115841, 0.22893913165247465, 0.09806322247467854, 0.05489932826425768, 0.2122608349434508, 0.22651500174614417], [0.03979140073168471, 0.03099797405555583, 0.12497016551052899, 0.13367120430976487, 0.007345877464269287, 0.20599827291741493, 0.45722510501078134], [0.09885231055851636, 0.036069946125792354, 0.21993884409990905, 0.06381840614960789, 0.13819135635863783, 0.31706434973588604, 0.12606478697165038], [0.10256351979371964, 0.012905798910208524, 0.0774945446853586, 0.21259188159945783, 0.12355689222119966, 0.2797106492249579, 0.1911767135650979], [0.060723659530024704, 0.19946223351459733, 0.1372717631652477, 0.15229055075426223, 0.011347821777194888, 0.20202790561292475, 0.23687606564574845], [0.15059868138145988, 0.013060152489618969, 0.24677142219470982, 0.1254995545817075, 0.19199800674108228, 0.14495602151685555, 0.1271161610945661], [0.07799534925742856, 0.014508123267742718, 0.134660995513415, 0.27680338416488387, 0.13044259994309665, 0.16698706902636823, 0.19860247882706505], [0.2300507631917354, 0.10061439888736488, 0.14905869782978481, 0.013776583608845663, 0.08672566961629574, 0.1940439109442314, 0.2257299759217421], [0.13924128167982328, 0.1371682147165378, 0.26585426217893143, 0.21241147125546359, 0.08832629020952332, 0.1354212699097753, 0.021577210049945186], [0.011584899354615666, 0.005258212455971939, 0.1120719358612762, 0.4292219984255888, 0.005388934398099107, 0.19011427920499085, 0.24635974029945756], [0.1456112526814219, 0.028156587245337615, 0.1446518680180332, 0.02557484894775677, 0.19261199649526362, 0.2169940334161359, 0.246399413196051], [0.19743657111804946, 0.13015928933826523, 0.10931444932391106, 0.09338310360271117, 0.033492746884175785, 0.15147151457003252, 0.2847423251628548], [0.09777982780746908, 0.3567841046528386, 0.2774621197922106, 0.06387423136545049, 0.11162282591716913, 0.09075626352345886, 0.0017206269414032649], [0.23481749173357214, 0.2965703565274937, 0.21485742632276447, 0.02449372492186473, 0.05161436147790408, 0.12997367312350971, 0.04767296589289131], [0.20581996490928883, 0.09583261249529011, 0.007707613824832987, 0.16640136032244962, 0.29726899512939153, 0.043381045361293606, 0.1835884079574533], [0.13399182950710395, 0.15416924317105302, 0.22345812009421723, 0.23576499620396763, 0.12925615226936804, 0.08857688914024231, 0.03478276961404786], [0.19672609551078868, 0.04680364395288926, 0.1488077296308817, 0.1935988400346912, 0.14580464941960902, 0.09180585575896306, 0.17645318569217705], [0.1984062716505303, 0.06134011600744466, 0.17370861852597227, 0.011401909447746668, 0.5005509878028651, 0.046482127832957236, 0.008109968732483734], [0.2118503623876359, 0.03401629718059515, 0.06079262495172864, 0.008898954248855983, 0.40402292072459595, 0.12635527597795862, 0.15406356452862982], [0.23215044547026673, 0.1171321853322333, 0.0674062499493766, 0.1859143297325366, 0.14848345835031693, 0.18415832724031303, 0.06475500392495677], [0.15001987604981995, 0.07380850344528436, 0.1609830644966391, 0.03699879794455758, 0.26396086257267526, 0.29436405609781763, 0.019864839393206307], [0.12887371708735185, 0.10332442770806644, 0.15233620078387017, 0.18661019737693904, 0.07314377274983738, 0.09559285818994845, 0.26011882610398673], [0.060588401243365286, 0.42853377708379164, 0.051124626397048636, 0.14432572975577532, 0.01822403943049496, 0.13886836554036777, 0.15833506054915647], [0.17896499651809714, 0.17631774767643568, 0.33598557453626077, 0.13974520545344987, 0.09668822510064637, 0.05839839419551861, 0.01389985651959177], [0.16776554500164315, 0.2945762352257668, 0.006847608593482161, 0.019210243910325626, 0.0088705996917895, 0.0024985439334736107, 0.500231223643519], [0.14236277719863766, 0.05607354475945223, 0.23497266956222454, 0.1911500363396279, 0.1415667901483634, 0.14593013581626887, 0.0879440461754255], [0.12097487249298541, 0.21302047439926128, 0.024022851962782768, 0.12200357092774206, 0.026566668345522054, 0.05640266987690619, 0.4370088919948002], [0.16561445268696637, 0.22616249154269236, 0.010041392078506768, 0.26659836338768056, 0.11093304392810084, 0.09003300318215975, 0.13061725319389336], [0.0031993341257785008, 0.20877284329361998, 0.10451631715929639, 0.199266495272291, 0.18365386621300606, 0.10835374140182805, 0.19223740253417992], [0.029368271749698086, 0.13029370175798602, 0.05785499751145358, 0.3206406861879848, 0.019956303057244978, 0.25891810039916474, 0.18296793933646785], [0.07363444632961212, 0.2993719090816307, 0.048635270931677174, 0.24619126398423635, 0.11101848970851437, 0.07044423492874152, 0.15070438503558792], [0.3263709406886305, 0.2879689862802822, 0.08566649023949646, 0.16182256563273978, 0.11379648323068144, 0.01508164663472214, 0.009292887293447466], [0.2305790167532636, 0.028902674134618084, 0.07945496190865552, 0.1800357466872645, 0.2651736607649083, 0.16133083037429918, 0.054523109376990724], [0.20972197371405873, 0.19010173923350895, 0.0856939076649354, 0.018835533339731887, 0.029941714289323344, 0.2922587281444023, 0.17344640361403924], [0.002269049643352602, 0.0027429491144189376, 0.04746398521827176, 0.668782823533597, 0.10389438066837009, 0.06032427336449227, 0.1145225384574975], [0.0826706920061189, 0.1643717687444614, 0.19091109212564233, 0.1161174417935479, 0.08547229529900624, 0.24865916460049048, 0.1117975454307328], [0.18435406930676862, 0.23414072470323444, 0.11206522254198138, 0.026789925039344513, 0.0178951511572443, 0.22405292965180618, 0.20070197759962052], [0.05900125172549641, 0.011718036182026818, 0.14805425658817215, 0.06626884856655713, 0.18959212365341993, 0.18453423136971506, 0.34083125191461267], [0.08945881116179671, 0.24225278480984622, 0.016898984814814586, 0.09670555131817275, 0.16508735698329807, 0.03236030673502385, 0.3572362041770478], [0.1417015457017672, 0.11607878341256016, 0.20720961691058745, 0.10290078756606327, 0.11163296791563276, 0.11441862839615444, 0.20605767009723466], [0.22379636464657485, 0.028611520470248918, 0.01939850113347102, 0.21811409740439336, 0.09466007140025422, 0.07447353362397409, 0.3409459113210836], [0.07439997123210786, 0.1687772517316986, 0.08815781411541829, 0.13868204213033947, 0.3372788409285213, 0.08214948851552539, 0.11055459134638894], [0.06445604639854398, 0.03938524136493211, 0.13942814497926295, 0.042405595771696544, 0.5244653591876856, 0.04491025345359438, 0.14494935884428453], [0.2541338059788165, 0.34244216578907843, 0.09072690234002373, 0.03244849692428149, 0.07509499230503826, 0.08462122945572807, 0.12053240720703345], [0.08369327836809241, 0.128673865843502, 0.07012942858754934, 0.21527989349986063, 0.4244195308866696, 0.014520562500933629, 0.06328344031339239], [0.062127515421351365, 0.2647509514825095, 0.01615839582976037, 0.0726413356771665, 0.1772236336929789, 0.14149795738994952, 0.26560021050628385], [0.2227329156840673, 0.1106688946016117, 0.16695932065137156, 0.17044711162151002, 0.02252516470121441, 0.06254681986701947, 0.24411977287320555], [0.0022058716657386243, 0.14031970727370122, 0.054614597317973815, 0.5357839348908389, 0.2056860280511554, 0.034444103589012384, 0.02694575721157961], [0.29778133105080984, 0.023981919892199884, 0.2338384330502185, 0.262568845671623, 0.08495457604040271, 0.08574835497485025, 0.011126539319895911], [0.10210530572988252, 0.1979763406597564, 0.3658283182825649, 0.04852935570435827, 0.08294337306267684, 0.09759122598811286, 0.10502608057264833], [0.10800440121995226, 0.07078839087439853, 0.005353389998302852, 0.1746832803664289, 0.37461889905298634, 0.24681002671022648, 0.0197416117777046], [0.13156789480277836, 0.21996635706895953, 0.11008408867191306, 0.08028552452910233, 0.26377695208226104, 0.15713666197403744, 0.03718252087094826], [0.08633823615881972, 0.26958173416894166, 0.12407530178814163, 0.17990726320949052, 0.2126756989093453, 0.009845700841881477, 0.11757606492337971], [0.07883597141217064, 0.03305754418807282, 0.10493135777454148, 0.25059967756433815, 0.1344535925299877, 0.3222495324507953, 0.07587232408009409], [0.025326133641141096, 0.239620075364868, 0.08724790082826671, 0.25222375965353183, 0.21472350812239302, 0.1058186661294038, 0.07503995626039571], [0.06430173001570849, 0.00018564165637000653, 0.1638054486997881, 0.03899446508550381, 0.2153667512377229, 0.058826100825150406, 0.45851986247975624], [0.3185745985414604, 0.02315558838975282, 0.22262635153428256, 0.10766121636386998, 0.0388384913576318, 0.06341871522549193, 0.22572503858751033], [0.24119243932850068, 0.12724542454586737, 0.06628199622266134, 0.02141432736266591, 0.265979516584791, 0.08503997398870754, 0.19284632196680612], [0.14592197378974556, 0.07106857379392024, 0.10977526266205831, 0.1567587317262336, 0.18154111716629973, 0.27883569611850206, 0.0560986447432405], [0.4013811338984883, 0.31318262460511326, 0.01274867620475295, 0.1867493122369675, 0.040735821685974234, 0.013956221106977276, 0.03124621026172642], [0.1422236249868813, 0.032935641489691934, 0.09608397092156133, 0.12195059484956343, 0.021647284239863715, 0.5110066362713462, 0.07415224724109211], [0.2377211286725039, 0.006167563976381931, 0.027885888513805832, 0.08041820765491156, 0.21508561541034343, 0.21243899994216012, 0.2202825958298933], [0.2900140501617031, 0.05524387096046267, 0.23935708572167216, 0.008881495503281591, 0.13634385117392375, 0.12274967014411177, 0.14740997633484496], [0.2907453766248104, 0.1568577434161088, 0.131423065270268, 0.02394429030680415, 0.20899062317616265, 0.10737011810542284, 0.08066878310042314], [0.228699775570517, 0.23980105525641937, 0.18151284611581245, 0.03484821288097456, 0.24954956057190444, 0.0008951768547398509, 0.06469337274963223], [0.006829428750680413, 0.028397223867665744, 0.25295660053287256, 0.24368175327455138, 0.09908503891014729, 0.12593428287356237, 0.2431156717905202], [0.12480718063806824, 0.04645988064299545, 0.018936249770067276, 0.17567021945466543, 0.21870995467928472, 0.012443239684679442, 0.40297327513023967], [0.002281499557763077, 0.2546584540980056, 0.12468300450321909, 0.079032354037596, 0.19791136129380738, 0.2951217016550135, 0.046311624854595446], [0.22796661715963132, 0.04717508252860182, 0.0568451628545637, 0.21881587090325805, 0.19175841596542373, 0.20016299997399348, 0.057275850614528154], [0.11862502352812206, 0.2682503242287181, 0.0980029591060044, 0.06541686566074112, 0.039526186765578966, 0.18081975959567737, 0.22935888111515795], [0.3300942045861962, 0.08416763497545034, 0.192408872379399, 0.1631477821872164, 0.10334065369912042, 0.0733318466960918, 0.053509005476525956], [0.20079364883696352, 0.011640753169948045, 0.14151163800153094, 0.03475087140623113, 0.0005399305424010479, 0.121288917975042, 0.48947424006788326], [0.26007299323530414, 0.100089768072379, 0.02036875067220029, 0.027742098314741257, 0.3219158228743081, 0.13450512868272288, 0.13530543814834436], [0.04741981590607363, 0.25377200574121345, 0.16460066431163067, 0.03358850250176281, 0.25399432673182454, 0.15486019941104215, 0.09176448539645261], [0.0030885168345648, 0.36380285408590834, 0.13820802293604814, 0.09783205424279771, 0.02853922155215462, 0.2769643406595807, 0.09156498968894564], [0.036729113519018204, 0.07957719468923148, 0.3093853970876076, 0.09348903721625933, 0.10154465589300586, 0.34453659610684206, 0.034738005488035406], [0.2631910123751947, 0.1077313205170232, 0.17030105398101672, 0.21637661770869632, 0.12616345297224488, 0.053043848445161336, 0.063192694000663], [0.03763617235420555, 0.3236875656696053, 0.28701835870882403, 0.08238180896169162, 0.07666930775536644, 0.10872128159364601, 0.08388550495666104], [0.07375147550151502, 0.07533893561409181, 0.12297832599976037, 0.26581619122540706, 0.035885156043477015, 0.0712048596718334, 0.3550250559439154], [0.14926388342570043, 0.128526292570166, 0.09941766201994812, 0.2878113704052904, 0.01377056719220329, 0.1751959040094405, 0.14601432037725118], [0.028230882074653855, 0.09915160999825783, 0.09129192644173627, 0.39650570653513445, 0.010299701523901075, 0.024677229754172542, 0.3498429436721441], [0.018117677336476106, 0.015444178889076593, 0.2907887222275085, 0.1941779422326431, 0.19035895521839388, 0.11168768040129154, 0.17942484369461031], [0.057069489921736945, 0.0871332971760138, 0.08292826210592559, 0.1996271760701584, 0.1840785182838726, 0.29752825087260387, 0.09163500556968882], [0.1532630385029894, 0.008287545312514528, 0.08387094132893068, 0.2712037562550475, 0.2488784896984666, 0.018664647536961444, 0.21583158136508993], [0.031038474291317678, 0.04299105115610842, 0.06062897198222536, 0.3412048079958378, 0.13247567378591657, 0.22817890901742768, 0.16348211177116662], [0.13550745522518906, 0.011381689761240439, 0.4575637152848584, 0.15945662385269052, 0.05535468767827378, 0.012197172221644516, 0.16853865597610326], [0.12178971062188908, 0.08555784434177423, 0.20895337963313965, 0.21457450976030193, 0.12008485031511616, 0.07388228165841931, 0.17515742366935977], [0.06877943590912565, 0.14436713623309272, 0.002107469462355009, 0.11422922557313456, 0.22542822734332504, 0.27399997064463094, 0.17108853483433614], [9.788199257123962e-05, 0.24276536692985035, 0.08119516756682246, 0.1390219961464644, 0.26773414031767345, 0.027724573419353145, 0.24146087362726484], [0.08645345913028435, 0.14341163558396958, 0.12506219585517225, 0.19709973251178595, 0.20907560938790637, 0.22069696416905377, 0.018200403361827606], [0.05277394209693519, 0.10625418960201709, 0.10707818439255697, 0.2112317923178343, 0.033983588984792285, 0.40134085094605926, 0.08733745165980496], [0.041346460138347176, 0.01644436909723131, 0.22600492234820618, 0.19355508017000836, 0.12158687339769451, 0.1345950778379088, 0.2664672170106038], [0.21334133157594937, 0.2158752892331491, 0.08249047879548713, 0.07915340798535475, 0.32687869258358937, 0.044316414520203545, 0.03794438530626676], [0.020629086096067756, 0.14019597664979236, 0.08563260601139094, 0.08718289314751017, 0.022263940260485792, 0.47470825249966825, 0.16938724533508473], [0.016083413854667435, 0.10189473510092086, 0.032834781641094817, 0.12358059637244616, 0.24618865234579027, 0.1753236500818396, 0.30409417060324084], [0.155316825143348, 0.06140022827331375, 0.24482423551563282, 0.20075109268949465, 0.1844747081727211, 0.0957762440809681, 0.05745666612452157], [0.08637291872886653, 0.1288560616764037, 0.19233210077687782, 0.18867286774832995, 0.1461264950458661, 0.036398910241464195, 0.22124064578219177], [0.14871049321292007, 0.013985549441452062, 0.31792784297772453, 0.2972695766232632, 0.022722747161107688, 0.08461661253714427, 0.1147671780463882], [0.11928393619215896, 0.23899640169628109, 0.3025923346213763, 0.0394094982481215, 0.0911912358162431, 0.12191473401145873, 0.08661185941436025], [0.17819426334064487, 0.061771542361716385, 0.12500572869263274, 0.04017338150681235, 0.06943200197879651, 0.5125545962520074, 0.012868485867389824], [0.1396810515946787, 0.17786020791271714, 0.13377429655808487, 0.21579215945274213, 0.0042854476691166965, 0.1749156589622923, 0.15369117785036807], [0.07638901299254014, 0.0367594193525222, 0.19282787731017131, 0.2856527925423885, 0.09693667334215389, 0.11287209806939633, 0.19856212639082765], [0.10564554294174386, 0.36933606365966054, 0.3054519563498508, 0.11133576017597978, 0.010383296105668533, 0.08280577387223603, 0.015041606894860452], [0.1707874057612132, 0.15237026411580024, 0.06379052348108127, 0.32796325865458953, 0.05758624797412367, 0.15731689891769662, 0.07018540109549552], [0.041492807772252845, 0.2196415656462226, 0.23944573122010582, 0.04170732091996888, 0.1715446909792164, 0.17284227136011807, 0.11332561210211535], [0.12613212423763184, 0.2054580963436247, 0.10371136675227213, 0.19199425611096207, 0.03627242821593226, 0.04320175817149104, 0.293229970168086], [0.024655121860301492, 0.1348721799446475, 0.1280495214838534, 0.004551318985121379, 0.35365957987470703, 0.25563156271974435, 0.09858071513162497], [0.030760062859529348, 0.13704523040003438, 0.13862799591559022, 0.03352127781031151, 0.33131524395759826, 0.300746224810047, 0.027983964246889377], [0.1598969480503538, 0.09648093539098927, 0.12871383715526458, 0.09506460962018058, 0.08335967681904766, 0.312307986719699, 0.12417600624446516], [0.07256732020153399, 0.06203316139595983, 0.09400850830089633, 0.23789259212709649, 0.1341028276344601, 0.17499131397683496, 0.22440427636321822], [0.2935694532742609, 0.07815333194210032, 0.019707067421020786, 0.3803594811641921, 0.020435292346953293, 0.18421408997526442, 0.023561283876208074], [0.003108884213858288, 0.3309938293073035, 0.10689647859261993, 0.08932795275681434, 0.20504390647422813, 0.11268917666338221, 0.15193977199179368], [0.04825813753591448, 0.25638046083324856, 0.11423913201220293, 0.04923177956741218, 0.2156189976554083, 0.2210351496510459, 0.09523634274476764], [0.05351018827297489, 0.33952643900748325, 0.18765356873565978, 0.14970791662823094, 0.07702348137171819, 0.14557127804844056, 0.04700712793549252], [0.323134878700121, 0.056992562679403516, 0.002390271097248343, 0.00016828466957072673, 0.39641302843025383, 0.08827880633533453, 0.13262216808806804], [0.13503097159834956, 0.17647234265827602, 0.2796853008636779, 0.03307146842517641, 0.11362443479723236, 0.05604457636918891, 0.20607090528809882], [0.11861209239191542, 0.10234901114018448, 0.2950580999847588, 0.17342073135907557, 0.055993132772156215, 0.1513184868372567, 0.1032484455146527], [0.11253823680023556, 0.19832606277700768, 0.190277005430711, 0.2143279748172246, 0.14278302279727942, 0.13484646978020673, 0.006901227597335055], [0.1483938206728248, 0.2055054349764741, 0.26328393154575525, 0.0168191882497655, 0.1372530896429643, 0.027406414062031387, 0.20133812085018443], [0.020329048674860687, 0.04505569786672283, 0.22715834419556705, 0.19711846080506265, 0.08365144099596555, 0.40366398965622247, 0.023023017805598664], [0.02330471505925059, 0.13662436691932173, 0.3922274513230639, 0.020936883159999326, 0.0723750669554315, 0.023469274652236034, 0.3310622419306967], [0.10837447304438916, 0.08529123338521385, 0.1846558189994559, 0.3629120906407241, 0.05484189040296611, 0.1964506975325698, 0.007473795994681042], [0.052646944949116765, 0.20051794082106464, 0.03679928131065964, 0.021786910553694364, 0.05546957744082611, 0.4680528890626772, 0.16472645586196116], [0.0918994389802374, 0.07559676234048925, 0.02880707866520269, 0.26519799204386274, 0.21759103577648425, 0.10343500102841659, 0.21747269116530699], [0.426568040668735, 0.23410250192101875, 0.07155694928421029, 0.055672064435809784, 0.02524901421289546, 0.025630879864388157, 0.1612205496129426], [0.12749227570710733, 0.23349156187791123, 0.05178894596552735, 0.10330205287812894, 0.1698327131536017, 0.17109671135592466, 0.14299573906179883], [0.18313207528301068, 0.00668509285941753, 0.07849361378244532, 0.19743023361562406, 0.17146826910728388, 0.16732706022719954, 0.19546365512501898], [0.2534406855052108, 0.07462318977243539, 0.17611474363217516, 0.07461989518486677, 0.06635204038012495, 0.05450043844873361, 0.3003490070764533], [0.10786510420205517, 0.17271852187684456, 0.02993718909102846, 0.1551956999637341, 0.47273004525161305, 0.05826369060896058, 0.0032897490057640665], [0.1975730882531574, 0.019819042945188433, 0.10111436631446583, 0.18319713730815468, 0.21872232544282652, 0.12894984624819075, 0.15062419348801642], [0.027232667854463544, 0.07208566702433757, 0.045812684076387736, 0.1422072329818112, 0.3130181063445746, 0.19893462071717394, 0.20070902100125126], [0.10238564291340921, 0.3384346234809746, 0.13812726771220327, 0.022069383995645616, 0.17990255946431377, 0.11557162594249942, 0.1035088964909541], [0.10351867811678725, 0.19090534680624888, 0.008649028324635459, 0.23330103874368066, 0.11275710753554051, 0.3063339239912983, 0.04453487648180906], [0.052230978148897766, 0.11000993982980517, 0.2765807794887266, 0.00034853636225144687, 0.4011435159883064, 0.09384909688556833, 0.06583715329644427], [0.0188247295457786, 0.008081156576067196, 0.18682714914861526, 0.1608370218216033, 0.15433500487826687, 0.09801389415211646, 0.37308104387755225], [0.004379397747939872, 0.12997371337376246, 0.1578659195974811, 0.06320242693580516, 0.11732292052348403, 0.29137342808697164, 0.2358821937345558], [0.25958719254851964, 0.19979835877625604, 0.1365980317500881, 0.09469741994096303, 0.052696303252654786, 0.16300730230431454, 0.09361539142720386], [0.21505501604715496, 0.17088581252320226, 0.14115494837444162, 0.1389724950453177, 0.21813556179044583, 0.002612222164312857, 0.11318394405512469], [0.1791080656933107, 0.19892256856120533, 0.2648697153941779, 0.05597598361309333, 0.11778332932963417, 0.08493332854683855, 0.09840700886173996], [0.015958968080420893, 0.1963654361623831, 0.22442005716662647, 0.1335035071169247, 0.07960350411367936, 0.12325585223167917, 0.2268926751282863], [0.12673437077912425, 0.17108633193334788, 0.07736236073636012, 0.1749131183487108, 0.17788921003280164, 0.03806364477879015, 0.23395096339086519], [0.25953382164037425, 0.14862568924800487, 0.09954801359752052, 0.005751073263365352, 0.008141116805349373, 0.1988869599009796, 0.27951332554440605], [0.033694501045406805, 0.10323979761811981, 0.16918744745035447, 0.21260615734598567, 0.0050654720877083845, 0.1746298010120044, 0.30157682344042047], [0.20546259697550004, 0.05571909667789334, 0.17033712958566904, 0.3179948908788206, 0.1474848243798289, 0.0496751006832105, 0.0533263608190776], [0.05147863137509775, 0.12310556142600983, 0.22137412056920383, 0.09032917704611969, 0.1402136519321485, 0.0673692171427126, 0.3061296405087079], [0.07136009591512311, 0.08191926854675137, 0.2667969732150575, 0.3019067491619028, 0.17660011517400548, 0.10056837296341382, 0.0008484250237459548], [0.11173019658161693, 0.1750988470980192, 0.17393124965353685, 0.11592922240714625, 0.08591379825039012, 0.07644527381699408, 0.2609514121922967], [0.17236770394640405, 0.11703579756208135, 0.08065929381269288, 0.3063806905879543, 0.13385426311609572, 0.1809195775732218, 0.008782673401549796], [0.011434837391811012, 0.07776645000825406, 0.12304131895941676, 0.26234573882582135, 0.2548544560216317, 0.016359972662389997, 0.2541972261306751], [0.17554689098580584, 0.16402910549973074, 0.009580418904390618, 0.06698169384173312, 0.18966813691278833, 0.06860850201982373, 0.3255852518357276], [0.19830845095061123, 0.006226150084737315, 0.22105672054601713, 0.06825948897299383, 0.1910724114916679, 0.03827963302465396, 0.27679714492931856], [0.04550110428582855, 0.010687910844402777, 0.2187902091588485, 0.29438814962262977, 0.2658487698218889, 0.030352780710479452, 0.13443107555592196], [0.049918835463381946, 0.07432914745207103, 0.12574603488822197, 0.2207015844036561, 0.07401939737462108, 0.29911447990135587, 0.15617052051669197], [0.16410463483873575, 0.09119176060448934, 0.0899251434542117, 0.07959418060579775, 0.17633994803476336, 0.21714893365542354, 0.18169539880657853], [0.05945604511667059, 0.1232025060222111, 0.05012494178022907, 0.1207147389097494, 0.3116083585960247, 0.21269224204572026, 0.12220116752939474], [0.08881443201960999, 0.2171607579454658, 0.21743487778613343, 0.08198220404669017, 0.15517258968688136, 0.17293438841106962, 0.06650075010414956], [0.2081662862363783, 0.059676634685207626, 0.031535281607504434, 0.22903743827827933, 0.17003137373786298, 0.06209100387385842, 0.23946198158090895], [0.0009363024855505078, 0.09736014524469638, 0.13563807806658612, 0.0049214255115733515, 0.2834305883787068, 0.15718172314620968, 0.32053173716667704], [0.049865625026669635, 0.28985225584703594, 0.06576512687118008, 0.14293296654865673, 0.3312510826268937, 0.016145759866227176, 0.10418718321333678], [0.08328049428079404, 0.01886484467016912, 0.015147584284480192, 0.21232605818268618, 0.1537623043047632, 0.06134161493697905, 0.4552770993401283], [0.08650976292555809, 0.18175790999113164, 0.3207997858573443, 0.08302954126567604, 0.12680103575393156, 0.09693252074534774, 0.1041694434610108], [0.0847786100838741, 0.09355844299359628, 0.10074535297804123, 0.3066323655336163, 0.04136148558567526, 0.13417706100571913, 0.2387466818194778], [0.08946021855958941, 0.11544349151398116, 0.13945667416231933, 0.1314050381154366, 0.02279401717925944, 0.4921118366471106, 0.009328723822303332], [0.15567451613529476, 0.14772565803668447, 0.3196325077828759, 0.08263641084220552, 0.17257458363975192, 0.0044184657176976755, 0.11733785784548974], [0.03898640678054749, 0.020648260040519773, 0.10440268633234197, 0.2659589972061471, 0.33861952624323155, 0.219919907199586, 0.011464216197626017], [0.28734043472920784, 0.05786458698924156, 0.16332317132511237, 0.06280961296789318, 0.21796372101036085, 0.016457150808125008, 0.19424132217005935], [0.040646553061487144, 0.2640043209795604, 0.1507171602332243, 0.0005770006050774272, 0.07074964840170639, 0.18516419187012095, 0.2881411248488235], [0.3520880676276357, 0.004784084808009313, 0.08599862365595703, 0.1879068695286095, 0.1418118678588296, 0.1280670894919897, 0.09934339702896891], [0.4559806060424734, 0.043286458074442875, 0.04447243915325876, 0.06479982597774758, 0.09419022475246414, 0.037886441937165075, 0.25938400406244794], [0.08959703906610093, 0.18070529010968234, 0.17797255164020365, 0.023465629815340228, 0.082431509255843, 0.1975453141117203, 0.2482826660011096], [0.12484063816718104, 0.09709191493352093, 0.1323889515443144, 0.07485514797694234, 0.3795318874292301, 0.16059188097572313, 0.030699578973088], [0.0009121746032417482, 0.11259177773695993, 0.23021653630146224, 0.15009149313738163, 0.02607518761936451, 0.08165105662556217, 0.39846177397602783], [0.2124174334418443, 0.20298835762547088, 0.028720752047361072, 0.07966798445357517, 0.1949361427176959, 0.12013562742216849, 0.16113370229188415], [0.1404214173230782, 0.17871825243949047, 0.027566006413186496, 0.39471283484329683, 0.13657648398102343, 0.04153483269124154, 0.08047017230868324], [0.09545576921537666, 0.21793025845150335, 0.11066719482792779, 0.24228395452233428, 0.10064416205596462, 0.07001751974380606, 0.1630011411830873], [0.14433805478698633, 0.2953489725878506, 0.1633363834399817, 0.21856116729273764, 0.09507856791785563, 0.07590489653496582, 0.007431957439622252], [0.039801952131249804, 0.17011261419729806, 0.12287192221936735, 0.046576948140643955, 0.25152930919629624, 0.22346635849528626, 0.14564089561985816], [0.15910573015872795, 0.054576247959150094, 0.17190976237957498, 0.26683654574496674, 0.19191515871147588, 0.12872506560273353, 0.02693148944337086], [0.1742473504740577, 0.16270136551200318, 0.02579982363549726, 0.15881302380540976, 0.0359088898257483, 0.21550987303513755, 0.22701967371214615], [0.03194419570764817, 0.09543310100892516, 0.06000258793240934, 0.03466654464740863, 0.15985202114685684, 0.47954318874606494, 0.1385583608106869], [0.2910662643597822, 0.25839869931431336, 0.018681987139567813, 0.019063896702356635, 0.027439926031351525, 0.291412217939134, 0.09393700851349424], [0.034761768822717726, 0.12031069614493374, 0.09208296851767955, 0.31405232757330426, 0.09544566706114364, 0.24298474185498747, 0.10036183002523358], [0.04921363232072083, 0.18820433602113565, 0.012309164816146132, 0.20328814768665318, 0.1388973350806468, 0.11233903228697094, 0.29574835178772657], [0.4017539793238828, 0.18456550055623083, 0.041225856645543464, 0.029879997799540734, 0.15014749571493233, 0.15524530914742915, 0.03718186081244075], [0.19063390296543178, 0.13463228682591533, 0.13429664973022204, 0.1964620540860806, 0.18394169661049084, 0.14211336988869402, 0.01792003989316532], [0.26658920768113714, 0.17357699815232283, 0.20942402416113348, 0.06396994602033018, 0.16153162107683947, 0.08989114610433883, 0.035017056803898106], [0.28275570750943163, 0.17260806426069134, 0.37182572879503895, 0.021453487440852213, 0.040541904456327806, 0.06536307290508, 0.04545203463257815], [0.17363360802735212, 0.015435152344393304, 0.046829180455312806, 0.03844951406264378, 0.2058961602848426, 0.4540892060110792, 0.06566717881437635], [0.33361876841617116, 0.23342838910376815, 0.01925649694059022, 0.15165337546420682, 0.05048953851849128, 0.08423607596347699, 0.1273173555932953], [0.1588088160736636, 0.3761715939429036, 0.21280321649399583, 0.033339750756915115, 0.047204256299015805, 0.03547721062069053, 0.13619515581281552], [0.37070997887313256, 0.009773739715818136, 0.023742048250956094, 0.17594329474301376, 0.15875835050508927, 0.1277136578071935, 0.13335893010479669], [0.12234685046331938, 0.13850840559478445, 0.17774118560364938, 0.07508026451679535, 0.2939174320037002, 0.025332109682967525, 0.16707375213478373], [0.32089754612850324, 0.12308062112070489, 0.4665683765226828, 0.041389032337111234, 0.020712026508422895, 0.009883924085789156, 0.017468473296785764], [0.16098286719596838, 0.2389678689778293, 0.14010796024425992, 0.13433895301395637, 0.0591693883272705, 0.021738550112242558, 0.24469441212847304], [0.08787807572095642, 0.0641459579773702, 0.10396658129543454, 0.23815886500414013, 0.11454061550507394, 0.19072856533079924, 0.2005813391662256], [0.15402880560039553, 0.21827696999392246, 0.2085599270032582, 0.20992196012346376, 0.08693299188478622, 0.09005563428202396, 0.03222371111214994], [0.11322126387959551, 0.008375078723140758, 0.07292068226811828, 0.37185553638487506, 0.07443324196849986, 0.0642113780999571, 0.2949828186758133], [0.18525885794189825, 0.07077340146692775, 0.03281690093220635, 0.03919138904281423, 0.07413313954101752, 0.28237917748201385, 0.3154471335931221], [0.06834971003694236, 0.036259700690729486, 0.3123189009960757, 0.11404226288335569, 0.17173406594323282, 0.1605826848391489, 0.13671267461051506], [0.018920618398303498, 0.17751345660509507, 0.09760744810190342, 0.06174902741359668, 0.17044486743374088, 0.29758603433134445, 0.1761785477160161], [0.11429400556879366, 0.3495913059269865, 0.08534094730103095, 0.035308186279085586, 0.063970699646088, 0.3136182402347572, 0.03787661504325817], [0.12863477257924133, 0.11496319839750803, 0.06782451661190558, 0.22711769703033435, 0.1680975838974439, 0.13022990275659163, 0.16313232872697517], [0.12171095279115561, 0.16030296231300212, 0.017655438852684006, 0.1522524603367051, 0.2824905819539513, 0.11595312128909652, 0.14963448246340538], [0.11014472717693433, 0.22038451661579161, 0.18531588601621193, 0.04034572125673332, 0.1404458920493366, 0.1762056993470921, 0.12715755753790006], [0.013773852503652468, 0.2593922281140276, 0.49397982310792715, 0.012311909384305032, 0.03316212858684328, 0.14255175309001697, 0.044828305213227386], [0.11826464385514303, 0.2995416413319775, 0.16541318910353967, 0.19427044696692278, 0.06772326270105086, 0.04414678074369118, 0.11064003529767491], [0.14618397735689737, 0.11687996671995149, 0.19559651571067807, 0.10601758231498067, 0.06640123303629945, 0.3076041165182718, 0.061316608342921276], [0.23558411467534646, 0.31116008844053317, 0.11375222448118452, 0.0318841845364128, 0.04896752789021611, 0.1304703371127324, 0.12818152286357454], [0.22205894858136344, 0.033291735523247046, 0.14276941835347526, 0.2131960446935813, 0.17033965662959985, 0.07995097135478212, 0.138393224863951], [0.2611032144834894, 0.059961136398807915, 0.25443880092622145, 0.005782171968102677, 0.1744705986877481, 0.16303242093036813, 0.08121165660526224], [0.06541512657081236, 0.034537054655541896, 0.0005899979540508546, 0.30442609489583755, 0.20904352691266428, 0.2428469802505494, 0.14314121876054367], [0.07502870058215245, 0.05966925756362883, 0.25157079239863234, 0.23306554645389504, 0.04485072754553243, 0.19856573999061042, 0.13724923546554849], [0.1116845553635719, 0.4637663791195986, 0.09792639570108068, 0.001660476141674213, 0.24040393513561412, 0.08137092397492444, 0.003187334563536117], [0.2404918158751986, 0.16135741222577213, 0.12295774192120307, 0.15415491528867398, 0.19195586407287374, 0.08132942862811178, 0.04775282198816661], [0.1486934969782896, 0.007676502811795932, 0.2170953560578444, 0.13411392382508192, 0.14567504658775568, 0.17607841894739723, 0.17066725479183534], [0.01916444531113482, 0.10093063774214422, 0.175958483281055, 0.12919288491736403, 0.13776287837763107, 0.29829583426396655, 0.1386948361067043], [0.24790761604177652, 0.16457722498363395, 0.081236229566136, 0.18212381611429737, 0.11781714649191483, 0.14035503197803878, 0.06598293482420245], [0.09339847542589248, 0.06771037309754319, 0.05134275803895161, 0.1976511206286933, 0.32970334275481644, 0.14686881250321487, 0.11332511755088792], [0.19739487775625147, 0.11260588834280554, 0.21726203558554544, 0.04836901048040156, 0.24942092866840612, 0.11329370825486519, 0.06165355091172471], [0.21406888332948484, 0.19957281201741128, 0.07116596437312238, 0.11424618378626224, 0.08019874029781379, 0.27403982799285426, 0.046707588203051306], [0.0513076348923106, 0.18922052273232237, 0.134568430781479, 0.1738328496590138, 0.28478488994148027, 0.04945495031941307, 0.1168307216739809], [0.09977948209276052, 0.18056399257342945, 0.24675143477216485, 0.0700608240616256, 0.1319211240378269, 0.044782330263350656, 0.2261408121988419], [0.006268065466423419, 0.2153846683052155, 0.1099350458758672, 0.06913017569693772, 0.26003593550669996, 0.11912342000119872, 0.22012268914765756], [0.12693128080197372, 0.07352385469768227, 0.05109067115332266, 0.06550566434641165, 0.2157835187350503, 0.10888736062064917, 0.3582776496449103], [0.1448416384496471, 0.25096582057981764, 0.13746636840308465, 0.09819780627472299, 0.08180012068947863, 0.21659782302121228, 0.07013042258203679], [0.007290834809476007, 0.024230547311457212, 0.03165191280413731, 0.30343373734211265, 0.1365917772969723, 0.44162761798281663, 0.055173572453027904], [0.11891740906356821, 0.09766075815616435, 0.11800833152704267, 0.17157714504077842, 0.14813611207264474, 0.2340662959668817, 0.11163394817292], [0.24380894140202594, 0.08204035903430741, 0.14141599356252102, 0.061019717474965034, 0.24790250040072478, 0.18747271644555408, 0.036339771679901746], [0.12567102430979005, 0.032831324053700636, 0.17289953348559495, 0.19728227161650816, 0.23444523820472926, 0.07126277042006074, 0.16560783790961628], [0.3319088555158519, 0.15522856878623423, 0.06345896795061967, 0.11824797210652357, 0.05905911044246913, 0.09186387941391722, 0.18023264578438442], [0.20155856487315815, 0.14128479640803315, 0.1628809929125215, 0.20168134736978802, 0.05143634429737906, 0.13223140769778, 0.10892654644134014], [0.15495660225707464, 0.33570922825213856, 0.032319983044371885, 0.0805067648508673, 0.04608768092397169, 0.3318843090982119, 0.018535431573363854], [0.07594233695561135, 0.09856831637610346, 0.1427217013500302, 0.2740277837852445, 0.15610824383062127, 0.16246895274151005, 0.09016266496087905], [0.23449384146581792, 0.1448837132119569, 0.22208243449712384, 0.05144195096556075, 0.0718579138560256, 0.10336649323050606, 0.17187365277300898], [0.08910876367608106, 0.2584436156876108, 0.23192606948207756, 0.021266844035992463, 0.025094475550133916, 0.1276488918346656, 0.24651133973343856], [0.005293711818878256, 0.15679082443331066, 0.27394350962127234, 0.1619457856561619, 0.35775880367430196, 0.013796812657826247, 0.03047055213824862], [0.20965970532359646, 0.045276446766400635, 0.006623354252119017, 0.25342251478232786, 0.040393794015757156, 0.11530076223399746, 0.3293234226258012], [0.0770705706970003, 0.16181797604891446, 0.26142023435865186, 0.04490430735139519, 0.07885874036587358, 0.1675584612127227, 0.20836970996544205], [0.0311696660875095, 0.37503658348464125, 0.2591908876557148, 0.004248041259784737, 0.3131254125475913, 0.009879129601872889, 0.007350279362885549], [0.17186029938779848, 0.17849327059636186, 0.10169793053654216, 0.15945463013595873, 0.24274390992348688, 0.03636832731704311, 0.10938163210280885], [0.15602572575897605, 0.048519215282147025, 0.09616198561953618, 0.14509059100338123, 0.06257198411131595, 0.1343132483451753, 0.3573172498794682], [0.182819625748013, 0.17630352228970317, 0.07650428954149037, 0.20079196265240434, 0.024597386301191335, 0.1756374454492082, 0.16334576801798958], [0.2762259314744362, 0.09878713912231996, 0.13695694747332535, 0.07313934730925602, 0.017093684878822443, 0.061234546868429905, 0.33656240287341016], [0.1316360692200756, 0.08874988023761758, 0.15342868556861378, 0.09724757570186328, 0.11310463237360655, 0.2523370282657234, 0.16349612863249993], [0.09856537871971395, 0.010445741919332481, 0.17290223905196994, 0.26732914576399724, 0.20338698150592546, 0.21486440710537155, 0.032506105933689425], [0.21449505477890995, 0.22462012907021664, 0.1480248170809011, 0.009683146110216239, 0.08488834856526171, 0.21310113523734572, 0.10518736915714838], [0.13886860944991392, 0.08417112275323328, 0.2711794948022443, 0.11484673530495212, 0.015347885251397157, 0.08109244016412998, 0.2944937122741293], [0.07401454145577605, 0.16388738903112557, 0.25591998233578106, 0.05858175754121322, 0.05871211251630791, 0.0004785387233836668, 0.3884056783964125], [0.16619608403407382, 0.1178460484758249, 0.07233303829475225, 0.14442175297057608, 0.03467978106648751, 0.3211078431407709, 0.14341545201751443], [0.11884410016685949, 0.06391587801035278, 0.10978896083500435, 0.4700113227179971, 0.18526884925343337, 0.02316557190688821, 0.029005317109464624], [0.15730531927063462, 0.05708813887421486, 0.15244730031038134, 0.025617807417368334, 0.2012698471919011, 0.2325044612831253, 0.17376712565237443], [0.1797260459358899, 0.12860154034590376, 0.09026290343599266, 0.03806834337277805, 0.5279547946802207, 0.033763265128811754, 0.0016231071004033154], [0.222281370155588, 0.08597367514980708, 0.2770398517113917, 0.16249919717052572, 0.11558909590904232, 0.019146585440131068, 0.11747022446351396], [0.05485077150287473, 0.10475748907499416, 0.18341985552089043, 0.32405897582873144, 0.08532902229135039, 0.1258493259665183, 0.12173455981464044], [0.07293833621594677, 0.13636270248614565, 0.035113344746898846, 0.10297380117734714, 0.12090287824923808, 0.3288