{"portfolio_return": [16.130789629453144, 22.130748445640343, 19.466553400525864, 13.771694393790188, 7.390445006351206, 16.389814507076032, 9.63132669208637, 14.213718647597268, 14.021269940809352, 12.394591258821919, 15.324194713113537, 12.170265857921917, 16.0831762940812, 13.11308944234503, 20.334320371898084, 15.069539035461284, 14.48722151315461, 20.708881984842463, 19.434080080329224, 18.10571989471358, 14.85364460527689, 18.200849629793257, 13.628936630358806, 19.602399062545285, 11.72295774812121, 18.521170046964063, 12.968187713393425, 13.33722502712372, 8.601870842001388, 25.429073039867994, 17.57665830118543, 12.875468447831715, 9.517409556470302, 11.665954154241668, 14.69164628736414, 10.675847056365836, 7.08045170311111, 13.12094516530232, 17.05563467368666, 10.048020062884195, 10.286156351640702, 11.366967060409475, 21.836405054091234, 14.72278125097423, 15.652714947841073, 10.569440685736565, 17.588538435879624, 6.045895846075346, 19.446829938859253, 15.225062622431293, 25.306607951387427, 20.662049784512877, 10.821756855484486, 13.493445387463183, 7.2522891716327225, 26.704054542342647, 13.50879253239218, 10.307586492882185, 5.536879835659747, 19.31552196509357, 23.09424616351714, 13.686347644086133, 9.702397030155835, 11.13572926945994, 19.77046553294403, 12.079158415857542, 13.900851288393099, 20.32066953143324, 16.567721105771106, 21.696617438584894, 16.427032784331956, 26.079930616598734, 18.725131327639396, 18.30253827154363, 23.07882999249195, 18.53664946386792, 8.183160560664625, 13.39298835422141, 8.574957553629197, 18.588196427748514, 15.949660372586875, 15.255473307281854, 22.93480558465167, 13.079183802515077, 20.59817627185847, 17.319638897859623, 6.109664204474776, 11.003810626073877, 23.31611620368222, 13.608889684669807, 12.108452322933427, 20.73467091679437, 13.960896153725926, 14.152614782110401, 26.24647612447107, 16.822076218266396, 13.19736761968055, 16.811835175933144, 4.224869130212028, 17.653225028918857, 14.43864525837966, 18.465635402598434, 17.914646375104354, 15.106388212703283, 18.125206768181442, 21.260830680320137, 14.160312038557004, 20.335499936002382, 10.396485698191718, 13.69426218431307, 8.407663840416834, 10.560799101803772, 23.819923734649777, 14.933124966930816, 21.720730569022173, 13.96062122049075, 14.462175031201769, 17.13073177988805, 26.06274422541534, 15.925395182399132, 17.806969525757115, 16.57597501068125, 14.195904992561328, 14.088981964470282, 15.02222771112133, 26.457255578534184, 18.139426328984204, 10.185992450634709, 19.16936930252806, 14.131929391891928, 17.42401875767971, 10.177583987414183, 14.570450786164008, 21.995764676872085, 12.657875426388346, 10.832567395948503, 12.891701934097934, 16.37032528589503, 10.932492914499685, 14.070945530866913, 7.569727359868783, 20.71046333688768, 19.372835156847216, 2.2487947616726967, 7.908126173109786, 13.084879455517731, 13.183956819399453, 18.94289967627681, 11.89155625849068, 19.554620570200413, 21.134012190380375, 21.193548722568632, 12.409212718838864, 21.517640183869755, 15.894282302321042, 16.09354664547419, 23.335090806370427, 14.574687379790815, 19.43969961334327, 11.878493309982419, 6.598161019123514, 23.835331994436608, 10.112210360343935, 14.667985710996506, 19.305859046499034, 18.727612592767272, 16.989113078730618, 19.205981716878522, 22.10621459315129, 11.205841795757916, 12.792307889189095, 15.363501785857686, 22.625820279706, 17.925011760768434, 16.668847157108814, 13.284562668268537, 11.758203027913225, 18.356758656439283, 5.882099559329284, 18.587385848161567, 19.432615899707116, 14.763858292278831, 13.953399852023814, 14.884503272357072, 14.207194637496595, 16.336953487584918, 12.228108098006398, 17.326777607876387, 16.656042449363625, 16.28944131545615, 15.587143445474277, 15.932366599717195, 16.820162658250727, 20.34148580414202, 15.921599177024499, 19.53499217751233, 16.090184107752663, 5.018571421624045, 15.858220342645884, 14.424550707689473], "portfolio": [[0.4844849749225415, 0.24316676820049132, 0.201956254756298, 0.07039200212066918], [0.0646625402357438, 0.34910455492827663, 0.449532733006067, 0.1367001718299126], [0.15542994370175972, 0.21952651224243527, 0.0009025082363364206, 0.6241410358194686], [0.28169435455409436, 0.35026406504157637, 0.07826570571020744, 0.2897758746941218], [0.05500889809024632, 0.2558059733251671, 0.24691636027645464, 0.442268768308132], [0.19047614981974836, 0.16977695867125642, 0.2749135710747509, 0.3648333204342443], [0.08957261081083806, 0.5653114754287245, 0.22686079149697938, 0.11825512226345807], [0.6306076033329531, 0.0039448687977033745, 0.002463758128265501, 0.36298376974107793], [0.5279850055114097, 0.1166922352545623, 0.24801188731291526, 0.10731087192111259], [0.21943719006562767, 0.4012451427948933, 0.0661551642874692, 0.31316250285200975], [0.09712038689593783, 0.04442419247782639, 0.4493665309333917, 0.409088889692844], [0.4983662100030191, 0.04020695752554863, 0.10046458796650196, 0.3609622445049302], [0.2515656504348036, 0.07088964474022362, 0.2564112037137818, 0.4211335011111909], [0.20741935933167996, 0.08785758805531575, 0.4061010650818301, 0.29862198753117414], [0.262243588244372, 0.08132001374283757, 0.6033913989197701, 0.05304499909302027], [0.2662175934403435, 0.04090468446162214, 0.3824460439894905, 0.31043167810854383], [0.27944873311694035, 0.16525703280049106, 0.07644842429739078, 0.47884580978517777], [0.3217954497443402, 0.1185258253947076, 0.5487577967889167, 0.010920928072035468], [0.11169252358094359, 0.2988073054314037, 0.5175241223584793, 0.07197604862917331], [0.14755803269956957, 0.4213463333704616, 0.015456491752572566, 0.4156391421773963], [0.3386905549549649, 0.26402071721413795, 0.3051459908905171, 0.09214273694038004], [0.0693033837861792, 0.5009076631493025, 0.2259924454364643, 0.2037965076280541], [0.27526284305417953, 0.21915427957413675, 0.3303748512274035, 0.17520802614428027], [0.15910443546179096, 0.10594888142779116, 0.19311236719664215, 0.5418343159137757], [0.03926034282444026, 0.20388369588630945, 0.19780576921210918, 0.5590501920771411], [0.3796592965218966, 0.11050258452327509, 0.03574032127832308, 0.4740977976765053], [0.5056255272401653, 0.1356532191729752, 0.16672453626770464, 0.19199671731915477], [0.0886259990826636, 0.4149326789157727, 0.4221892546313506, 0.07425206737021321], [0.28674498440224805, 0.3374245630515938, 0.07363363234557534, 0.30219682020058286], [0.298629831811945, 0.27906647534353823, 0.241634006831576, 0.18066968601294078], [0.14687757362061246, 0.255391713288373, 0.37916744444814443, 0.21856326864287018], [0.03371556116686755, 0.47773051091739877, 0.20518141950177626, 0.2833725084139574], [0.1745382057375615, 0.12910317462585508, 0.26094213582078424, 0.43541648381579906], [0.172253512304787, 0.30026457733636724, 0.2352217184294052, 0.29226019192944047], [0.5758054731016427, 0.025020519471880612, 0.2908016031697353, 0.10837240425674144], [0.31220124081713746, 0.19186686350738819, 0.23141876606244427, 0.26451312961303014], [0.554882448492197, 0.3943548960788579, 0.04129667663137647, 0.009465978797568551], [0.06302113365387083, 0.11666167157814114, 0.4888121935990503, 0.3315050011689377], [0.28941307127262733, 0.2825965131403158, 0.14619565358049225, 0.2817947620065646], [0.5184797348659961, 0.07419295541011313, 0.23047130562155502, 0.17685600410233573], [0.054244050111242226, 0.3937217840022478, 0.40070927453736993, 0.15132489134914004], [0.47442021725328093, 0.07211153541639198, 0.19997320896503845, 0.2534950383652887], [0.031778115094431174, 0.47124711840419614, 0.10839412306352338, 0.38858064343784937], [0.060862006427883156, 0.35557091941916114, 0.3555048474070525, 0.22806222674590315], [0.19583688703955238, 0.4486186985063959, 0.04055802010769847, 0.31498639434635317], [0.2397342095552021, 0.237601735797816, 0.4667155146717098, 0.055948539975272146], [0.03880428047727086, 0.3215560928619932, 0.09463511694289974, 0.5450045097178362], [0.1842018732560748, 0.2273091132550494, 0.28597913150322823, 0.3025098819856477], [0.335219566897148, 0.09481737976023319, 0.34128903906825725, 0.22867401427436163], [0.2168154332761102, 0.16970621898061503, 0.059337735897587084, 0.5541406118456876], [0.3785871222488368, 0.32994954052442715, 0.14358507601138656, 0.14787826121534947], [0.025003609208909178, 0.36161866860123476, 0.3624036732458789, 0.25097404894397707], [0.14105247369699359, 0.02814282203975288, 0.09395085902954822, 0.7368538452337053], [0.4365185880489032, 0.31128889541125365, 0.007482414937403871, 0.2447101016024391], [0.3621250745482367, 0.054697027525552895, 0.1310947357187114, 0.45208316220749895], [0.19371338817400255, 0.4878932408949127, 0.12943908241221377, 0.1889542885188709], [0.21301274978739512, 0.44906943297905205, 0.2673642731103469, 0.07055354412320597], [0.1144405891938661, 0.6632246321758944, 0.14822593008139173, 0.07410884854884765], [0.16754457176737972, 0.2752404385043398, 0.14648768594369166, 0.4107273037845889], [0.1523304690412924, 0.0964830118099869, 0.5844785260303931, 0.16670799311832765], [0.10907230848429111, 0.48842071832214595, 0.13048023173834675, 0.27202674145521616], [0.7967085967554308, 0.1035120156563435, 0.07292966016080753, 0.02684972742741802], [0.04304215411125338, 0.24035378019598458, 0.6500901378113308, 0.06651392788143112], [0.2566111857451045, 0.24709178632126158, 0.22163186085016953, 0.2746651670834644], [0.20862700840937923, 0.2523172688014956, 0.3603151275697901, 0.17874059521933516], [0.35410026444153736, 0.02096494576149629, 0.23174050198219398, 0.3931942878147723], [0.6746379882024127, 0.05379472506621775, 0.21641349197734644, 0.055153794754023135], [0.8002575009164885, 0.002644870488747584, 0.14790752544435293, 0.04919010315041095], [0.12315088255185784, 0.13259340767650823, 0.5516473301155976, 0.19260837965603622], [0.08014247949497441, 0.08102615976366903, 0.08601369277132537, 0.7528176679700312], [0.19784677261598202, 0.47227563445565646, 0.2537332276353502, 0.07614436529301123], [0.28447227770259953, 0.4768603364662496, 0.05341056613410337, 0.1852568196970475], [0.044802264224633855, 0.028558494434408655, 0.252365840867948, 0.6742734004730095], [0.38035072669934356, 0.4178837752446157, 0.0008358305935097524, 0.20092966746253096], [0.1156894611488731, 0.4298786754578187, 0.3121408883621151, 0.14229097503119306], [0.13388252742180726, 0.699898432283198, 0.07088130625070402, 0.09533773404429076], [0.24054758853778704, 0.1947406654023189, 0.18773555262072827, 0.37697619343916566], [0.16873333734581053, 0.5272699182382822, 0.07102980131695014, 0.2329669430989572], [0.1476179959989636, 0.39143760549219364, 0.3759840107110064, 0.08496038779783638], [0.734922861753044, 0.02461501822267208, 0.17467903247584343, 0.06578308754844055], [0.21237525670211532, 0.27525267656811225, 0.33253678859836283, 0.1798352781314097], [0.02916848244823879, 0.10684800722919574, 0.32519959184353425, 0.5387839184790312], [0.05906196537927172, 0.3975815455975877, 0.12233583291018733, 0.4210206561129533], [0.07735860817603234, 0.1609885108949845, 0.5139833804722297, 0.24766950045675346], [0.13688399086001263, 0.0051601842422377715, 0.2754966444398968, 0.5824591804578527], [0.3282237252723577, 0.3496594333381872, 0.03355493268929201, 0.2885619087001631], [0.2614532594658381, 0.13729893696023868, 0.08779796301928233, 0.5134498405546408], [0.40332087071076494, 0.13072155794866425, 0.3002954998971694, 0.16566207144340142], [0.025507531048058307, 0.6472094631296064, 0.2549812290805354, 0.07230177674179981], [0.44450255897045565, 0.1833664670978721, 0.14425162591741092, 0.22787934801426124], [0.2204988085320759, 0.039995804369242646, 0.4016669646749204, 0.33783842242376105], [0.045902789005503236, 0.44006074119706706, 0.3320298674137106, 0.18200660238371916], [0.004917728549540528, 0.35791299134157634, 0.02023728603510063, 0.6169319940737824], [0.29202142843946893, 0.34535762302939876, 0.27546316518191405, 0.08715778334921816], [0.3943649399855135, 0.156851053808533, 0.22933634934623234, 0.21944765685972106], [0.3438740782674857, 0.4510017211126439, 0.10779738107069081, 0.09732681954917952], [0.13054557489088478, 0.23107193683725014, 0.18132796587252772, 0.45705452239933725], [0.5780358493787492, 0.2443857270310241, 0.082469996779567, 0.09510842681065976], [0.15400670444279982, 0.012588087147466266, 0.3065644388330785, 0.5268407695766554], [0.19695765217330743, 0.43819390933305, 0.172739645485416, 0.19210879300822656], [0.4717835200992734, 0.061545374785312405, 0.22591924288145251, 0.24075186223396175], [0.14128068735459878, 0.5728979693649605, 0.1684366297934187, 0.11738471348702197], [0.32054364253680856, 0.3321001843279015, 0.02947945717593133, 0.31787671595935857], [0.24102927738094343, 0.4632132747779724, 0.21600343909894315, 0.079754008742141], [0.07724268272709664, 0.2886583461486948, 0.6252118328826617, 0.00888713824154699], [0.7280369305939275, 0.20526938776515283, 0.057238994600691574, 0.009454687040227963], [0.006446628861620589, 0.6856597836486207, 0.2650971021462165, 0.04279648534354224], [0.37076268604235946, 0.11053308098221384, 0.12979244756633285, 0.3889117854090938], [0.26501176719754593, 0.17056283186254273, 0.3984964016693712, 0.16592899927053995], [0.7204316817590938, 0.17457206198798725, 0.010458446122587327, 0.09453781013033181], [0.4107421194014292, 0.17095759248454373, 0.1911575190561254, 0.22714276905790165], [0.2846381994539722, 0.4013332821117877, 0.058161165668740286, 0.2558673527654999], [0.2415636959642281, 0.34661393660575196, 0.23557179296213207, 0.17625057446788794], [0.11438955253678397, 0.17938399201025296, 0.02547733086149177, 0.6807491245914713], [0.3138846513683198, 0.06848733846230701, 0.33568557321456555, 0.28194243695480753], [0.3431473016467421, 0.16422873122567574, 0.18043542189388212, 0.3121885452337], [0.28953445344033857, 0.11356807360683967, 0.3587166188919941, 0.23818085406082773], [0.3933924430443155, 0.14269770957129646, 0.32881775087951515, 0.13509209650487283], [0.35000417585055665, 0.009881390534644454, 0.2784202047128115, 0.3616942289019875], [0.4400965027460003, 0.08539844783049153, 0.18826126087351427, 0.28624378854999394], [0.19692019271794364, 0.21817427760485897, 0.08422728446204449, 0.500678245215153], [0.34490125351309975, 0.24553601618970847, 0.3380300064053059, 0.07153272389188595], [0.26558360603635456, 0.2230409184231686, 0.3145163176653982, 0.19685915787507857], [0.47011318383681344, 0.16659011297691476, 0.34152862549603763, 0.02176807769023419], [0.3881438221098518, 0.2935187047193633, 0.23078496458237477, 0.08755250858841009], [0.6832496809853102, 0.17540822760400324, 0.11444103281464854, 0.026901058596038026], [0.14529403144342484, 0.21260201711176543, 0.3014885659599601, 0.3406153854848497], [0.23594738873676843, 0.2552724121142186, 0.249478228193331, 0.25930197095568197], [0.022859095114053558, 0.33586987137658536, 0.3783229321273809, 0.26294810138198005], [0.359371615688501, 0.29084786171531385, 0.22602746970984205, 0.12375305288634297], [0.00566822793342518, 0.5841071822729351, 0.18658771973349783, 0.2236368700601419], [0.02476174714573999, 0.04152452063574306, 0.3467218552839132, 0.5869918769346038], [0.6350149964637213, 0.1213758021434996, 0.23350092594525054, 0.010108275447528658], [0.16946628974490102, 0.37351167522197876, 0.011195194994170063, 0.4458268400389501], [0.24744828356546347, 0.09915379351902297, 0.42344406674746476, 0.22995385616804873], [0.27431362853774405, 0.10857599855481118, 0.5595004228584725, 0.05760995004897246], [0.48865565196510674, 0.25398665009831917, 0.02807007277609128, 0.22928762516048284], [0.06180638554884969, 0.23132776018213008, 0.4982390965282974, 0.2086267577407229], [0.5052661181970256, 0.19588183441308146, 0.13383469829770428, 0.16501734909218865], [0.1398025125034352, 0.1818642937215031, 0.31999654723647414, 0.3583366465385876], [0.43289395364134503, 0.1912535459052778, 0.09650189726736873, 0.2793506031860085], [0.11707197507566097, 0.29179333556089937, 0.09542528797785602, 0.49570940138558356], [0.20010111871891004, 0.009924272986527018, 0.4914927984840616, 0.29848180981050143], [0.07433356643962837, 0.3675507704638744, 0.45088289753775895, 0.10723276555873833], [0.13931481910561339, 0.5684122672542716, 0.09395586143296954, 0.19831705220714543], [0.22788102415976863, 0.013465238206968376, 0.27150902166257684, 0.48714471597068615], [0.41955928167484646, 0.25668000765140997, 0.11257787487762513, 0.21118283579611835], [0.170148681171583, 0.19315412349039535, 0.306508167454236, 0.33018902788378557], [0.030413142880048958, 0.3282781570239265, 0.4334336364815046, 0.20787506361452], [0.5183843082495142, 0.22940888525600084, 0.14604593578587938, 0.10616087070860566], [0.037507036206016864, 0.3865265974824239, 0.07531537484157712, 0.5006509914699822], [0.4175686500691586, 0.15919567328508694, 0.09409835148937927, 0.32913732515637517], [0.1278637421758223, 0.44999719993947485, 0.32242517134398097, 0.09971388654072177], [0.7648889815355581, 0.030336814237663188, 0.1511401911703912, 0.053634013056387424], [0.1058064570218363, 0.0815985491341153, 0.39041463937629994, 0.42218035446774843], [0.06778387173523363, 0.2794990724003067, 0.21688764728036858, 0.4358294085840912], [0.538155456266987, 0.23707513890395196, 0.060882358529771884, 0.16388704629928905], [0.4416556305749912, 0.1969598053248502, 0.13330325595160042, 0.22808130814855807], [0.04684839053130014, 0.04112645102615976, 0.6159005525766686, 0.2961246058658714], [0.004112198083035447, 0.1255982251834479, 0.7654339615461918, 0.10485561518732477], [0.17937147909582846, 0.31407465247689165, 0.479502004049159, 0.027051864378120953], [0.15169651498954312, 0.5918306653014616, 0.0312802658763828, 0.22519255383261266], [0.14719277545941417, 0.3782786210497628, 0.3596947875915039, 0.11483381589931912], [0.21373501688944888, 0.2150172143320385, 0.5036391157829664, 0.06760865299554614], [0.12051446005785027, 0.6689656296836926, 0.2090308081079264, 0.0014891021505308824], [0.17930797422312286, 0.2717905233815542, 0.39656314501444984, 0.1523383573808731], [0.047368691097618626, 0.23068755092376855, 0.4900474832827728, 0.23189627469584], [0.07096763672599843, 0.02545066937613755, 0.8119034303106868, 0.09167826358717727], [0.2744668048588503, 0.049467307252931955, 0.26641437752047237, 0.40965151036774544], [0.21861225782654933, 0.47869684236474996, 0.05870358170764916, 0.24398731810105156], [0.2557410301065708, 0.07979440691983643, 0.6597489423925254, 0.004715620581067367], [0.00835198056884707, 0.6389878947549927, 0.278560850599517, 0.07409927407664323], [0.30903280995076554, 0.17484193714102722, 0.25548244554250576, 0.26064280736570133], [0.3371073332433685, 0.08533205889075243, 0.21905225069101417, 0.3585083571748649], [0.08920048937344026, 0.18485908332667347, 0.20208078973280127, 0.5238596375670851], [0.3368859368106651, 0.08899543691296183, 0.08052467829970326, 0.4935939479766699], [0.39839830334839665, 0.0580694161590894, 0.2921692709100696, 0.25136300958244434], [0.33467185116930154, 0.2405873374997968, 0.21588168998972276, 0.20885912134117898], [0.04291183589569254, 0.0013005705829155709, 0.8834504216757098, 0.07233717184568224], [0.12993166683860405, 0.17988641178897688, 0.5357469842248961, 0.15443493714752315], [0.10531659621962203, 0.1211984260211774, 0.19928579540593466, 0.5741991823532658], [0.07755054051047826, 0.3351701469838646, 0.4247657991205722, 0.16251351338508485], [0.04655638104029636, 0.4907237430483564, 0.3277538594280206, 0.1349660164833267], [0.29329206794850765, 0.337791738413516, 0.23751879280152713, 0.13139740083644916], [0.1106056122848345, 0.19496381373305632, 0.6783823263621488, 0.016048247619960467], [0.11521067653885976, 0.10296031728303179, 0.3713226123888217, 0.4105063937892868], [0.0246963539101544, 0.011589095473197183, 0.5764476940499755, 0.3872668565666729], [0.057910267288811934, 0.08796237427072406, 0.37421981991071185, 0.4799075385297522], [0.4988248453442878, 0.013793832280634834, 0.17380775625953332, 0.31357356611554416], [0.29794773796944407, 0.6030546510018664, 0.04679661005166452, 0.05220100097702519], [0.5128550607614836, 0.10106202927017674, 0.22345689675579783, 0.16262601321254191], [0.09578166751955565, 0.1632459825417535, 0.5657733277449399, 0.17519902219375108], [0.16958026740732055, 0.21603489480927301, 0.30909434865291424, 0.3052904891304922], [0.09495771834613749, 0.08509889263413105, 0.6547403071385345, 0.16520308188119698], [0.2336233040320979, 0.2877061670930438, 0.1445096425898518, 0.33416088628500645], [0.5496145398798926, 0.15462459021226377, 0.26554071596990964, 0.030220153937934077], [0.42510965343795026, 0.15617288616595246, 0.045542878032072937, 0.37317458236402445], [0.13870504204405545, 0.1902886213151428, 0.2476789372809273, 0.42332739935987457], [0.25583296577446, 0.12390401704900245, 0.21320820306929797, 0.40705481410723954], [0.023159429744086177, 0.39206963818611806, 0.45978527972445443, 0.12498565234534134]], "users_distance": [[23.067788116879612, 10.66253493986854, 1.0384770472434832, 0.6959427301402656, -2.7203976007158817, -1.1286384938366378, -1.774721995608787, 1.4029139684983316, -4.779861679302375, -1.6133390416214934, -7.926372862776311, -4.663003573023855, 2.727332080509412, 4.894675511170758, -7.166958284269794, -2.7512578817896847, -8.611719974052294, 0.5560614728820297, 5.4554249522625975, -5.603558219368279, 3.3178757922219124, 4.707665190080791, -6.303980049396163, -5.730325249388992, 2.0945846795400165, 2.8030605423592334, -4.819864129397093, 6.6445901330790775, 6.820955665366728, -3.0898562462560912, 3.5574338820062996, 2.0948819233564158, -1.3721745143962938, -5.3944911333685654, 6.025688469436053, -7.959936684672868, -5.270288364725932, 5.397652446427287, -0.1492334272134479, -9.248977273369018, 2.5603436820410863, 0.4432987552916694, 6.564504253140319, -9.800009717704313, -1.1121622773004751, 0.7504115273893459, -13.361684476310373, -1.2697320012105453, 0.4017948717280113, -1.235427288205703, -6.942870635727141, -5.02029034088245, -2.243415882882667, 4.4122498498630405, 4.01145719311871, -1.562366414569103, 1.2387587737027022, 4.901931288437324, -6.6025224195359415, -2.2071031014044724, -4.934456857717921, -8.5183259230657, -1.61645973444507, -6.485301275839913, -3.556820600071624, -5.690704803259867, 8.980157474141636, 0.3369665694998558, 0.6312516945624025, 3.130596026901959, -12.432837552120782, 5.349159209711477, 10.184470878332416, -0.9843224490367293, 2.6016246834821386, 1.2124230829494715, -9.899678280424313, -0.05892989045371788, 4.013204919954557, -1.8797059609515099, -4.204451755092306, -1.089485053176274, -3.7103206235177946, 1.409901270871015, -0.36145206818452924, 2.0543015030113962, 5.160644971494533, 1.7565307865546826, 0.6842308467819214, 7.150356131444807, -5.200206216903065, -2.323665398037393, -4.3674246800937215, -7.239326719685765, 10.071967109463221, -6.481950527459036, -8.335097616395913, -4.943878804553348, -4.203617812015727, -8.546040427849286, -1.7428022971247341, -5.726042586993582, 2.6822810640246004, 1.8964921901193608, 3.3241880318359938, 1.4356913940770404, -0.9660144670257242, 0.39758445770818396, 1.6207817518643584, 7.172589969902129, 6.109786581346173, -6.977778057234506, 3.5953612683661893, 0.9073153578411066, -2.399290033490783, 2.2396189471351367, -3.719949438419418, -2.1149567033634593, -14.043960129042697, -0.3394461764683956, 7.7555885590470055, -0.13012824817046775, 0.04049476779063421, -1.5698001115507338, -0.5844828673124565, 6.600049939293924, -2.076577746390445, -0.6510990387537801, -3.609165333349107, -4.705245651008364, -4.050261901859322, 0.47315812181028405, -1.2995206964291643, 4.7388167935439975, 4.534532124085545, 2.8665824566880587, 2.5001191298575556, -2.731524484918513, 1.3710852668049425, 4.290147865515764, 5.369108853904443, -7.238958764906671, 0.1285415846362985, 1.7751949413642356, 5.593412714671924, 2.597718075810698, -4.868794511593206, 9.99048449608259, 9.303041782942191, -2.2066081118989445, -2.0053482325193825, 0.3621463734489261, 5.0113262209856355, -0.011147409030097144, -2.3179571664537066, 7.978235306717982, -1.802735221282001, 5.7773303710725, 7.925395062092462, 5.899797158324409, -2.225379233830247, -5.089223527250841, 6.0557433141947286, 3.7276025279864737, 0.4887373976279472, -0.13427817688562937, -2.5167765245241873, -11.157132858013684, -7.677272538540897, 0.03794075727306545, 7.639836095638929, 0.3001852425140532, 3.8276640091735707, -2.036514688338369, 5.727957515047491, 1.2115551683809564, 0.0006203700928235634, -5.132935204016643, 4.24489713185982, -2.3416916657765343, -3.7500130341498434, 3.793541014077179, 1.7233758834054225, 13.408838425319209, -2.148385329709172, -2.0005907189763246, -4.83196210288292, 9.116450697657248, 3.794443141306836, -1.352482764665576, 5.207083544990406, 4.592660248128629, -2.017435262090612, -0.1509286322677763, -7.158715239977079, -4.449287174956874, 4.55036818744906, -1.2875114887739336, -3.3942031735700597, -0.8965156938855703], [10.66253493986854, 19.83925079150844, -5.631962113151281, 5.830462686237677, -8.407464349126146, -4.535622056873855, 2.226289311793475, -1.9015099720317592, -3.744970513421721, -0.6832474139192641, -1.802090726228029, 0.26701386700165775, -4.269724547963596, -2.04556833035167, -4.994867722104618, -0.6441489906019755, -8.991343356374372, 4.080995254153622, 1.814538663317869, 3.5813218741660258, 0.44950956493090644, 6.334666176746254, -0.02192184128730168, -4.068936616111247, 4.22046349974456, -1.2523320153775468, 0.7208838652724467, 5.116126961973105, 4.063273340105212, -10.489593243735516, -0.9289837913998533, 0.10991490508743243, -3.0041441335606542, -7.340909688326676, 6.271326792261551, -5.1930400148554945, 1.8821486560685807, -0.8236611522675896, 1.400624777895016, -0.24682408469315376, 6.774204444752215, 0.07559148477938316, 15.197862829772824, 2.7585219296016286, 4.0622366863958215, 2.493683771098115, -4.719612806927354, -0.12459124147468237, -4.112096410595918, -1.6323435103683144, -6.0535122712861735, -8.054875181510427, -3.754865420992721, 1.207563970109939, 6.332346979210112, -8.487010028782278, -4.935904116924915, 4.5806683316120385, 4.202674878725202, -5.29202931772302, -8.71804803732583, -3.9871064921941124, -3.3131836567115447, -2.973316128544839, -8.430086584854923, -6.964173928400751, -1.1207198821947473, 4.215107795511086, -0.7454405740890063, 2.063217872943396, -6.980698186122234, -0.8702700991121561, 11.461599824124399, 1.5338967005057, -2.199714861496066, -6.44048602720431, -3.3295238391608253, -6.624197324819953, 2.7650491726728177, 1.2473622958032582, 0.4199580791440176, -0.015334245362517152, -0.6500105065146238, -5.2753161410939935, 2.5254942542190784, 6.952602664190996, 3.6181847992220946, 4.178946569259551, -0.870685678255384, 0.7525467470061014, -1.8601111873277374, 1.2435792017311098, -4.629373720146869, -8.445333146962442, 3.984992924715241, -2.9298394138408357, 2.5040958145756393, -4.818388903740276, 0.2167763672130063, -3.964691277772581, 0.25485659092668955, -6.220638380411909, -0.6511692115332646, 0.5000204217810102, 2.57524454625352, -3.1790367562330752, -0.42791741711700926, -6.245455118869578, 8.85933429960208, -1.778543057749876, 3.336263905169405, -0.26090673998239033, -7.7438103653819965, 6.641190359028082, -5.227725027969959, -0.9961112256421636, -1.8933969556677697, -1.3662407894830715, -5.569455615555098, -6.706050773523474, 7.907733692395053, 6.713732367603809, -1.3349865395049831, -3.332929528029577, 3.436236347529492, 1.0284364993830546, -6.200171840410691, -1.8253042884478372, -10.950777867109974, 0.6510192671704256, -0.8947514150094241, 5.405777195108753, 2.264539148552664, 5.516928765157013, -7.327286151591285, 4.887277827118784, 5.02052573871906, -5.110483612970777, 0.0151120949571108, 2.4119174336048257, -0.6711347893764312, -6.049753675377009, 1.8744629193039968, -2.2649587884531392, -0.28665637303454344, 5.928494647010895, 1.2635936927988378, 7.494296543056611, 11.720019430646479, 3.5396796927588263, -3.131062520510098, 0.7819233609465055, 4.946410863872436, -5.2930749953133205, -0.8278267920009659, 5.792213348049211, 2.065642551297829, 5.043239842116858, 1.8203800865568427, 3.5895135421693745, -4.905911232422128, -8.230650205687992, -3.1673778810564106, 3.70838628110483, -3.6327104024005594, 1.8631216208574004, -4.253206010407459, -3.6180880230557895, 1.3750369608969257, 6.581503168080912, -0.34187654694183217, 3.513083960223309, -0.3787573559985147, -7.758909769874838, 0.6237267243294138, -4.0947216461390985, -2.9320232080486255, -7.676509498796339, 2.080908212282571, 4.732559497807047, 0.35444925495204216, -0.5324982347389291, -4.232568599244763, 8.12175428773547, -3.16830278853431, -2.4817521725798755, -6.144165648275438, 2.8239186941326455, 3.3749162994565407, 1.4094406030489686, 2.498881563438773, 0.24136436371250225, -3.311981706686649, -2.126144356970582, -3.8871237143973487, -6.222406967189238, 4.1144730181664375, -4.111382331754749, -5.3648366276683985, 3.895457061759029], [1.0384770472434832, -5.631962113151281, 16.235879604750235, -2.710654139087999, -0.4327860381592046, 5.833878259439462, 5.399022876131043, 0.3383419859969028, 2.2939200838953946, -2.2325176612340285, -6.740319259450279, 0.9936008423241351, 6.754853591018836, -1.1125510485227168, 2.3073434872823277, -3.166703266532081, 5.170492233728304, -6.5983011220027254, -1.9981278138687548, -1.829726417279742, -5.457676363330284, 0.6847206487823243, -7.576024778857605, -3.5406754863618355, -8.174644354791532, -0.7873366632355652, -3.3783572692105768, -0.3711528517169387, 0.9423729943632361, 2.7265097609734426, -0.04966983388627444, 3.3802112756378593, -4.946993880475006, -0.9290809449955933, 2.98876937095442, 2.4841475503125725, 1.746767211832684, -0.34205169397225743, 1.2264994522097077, -6.552090528112105, -0.47414610369464016, -0.7395024612690737, -7.525627440892238, -12.864165591083, 3.5529594433775165, -7.9315091358804555, -2.137340186660298, -3.3033019904671486, -1.6273822084763327, -1.5341004298827141, 2.109169790959599, 6.599718371344949, 4.266520949889282, -2.703221830684239, -4.454744374531, 8.747304083550567, 12.351462447270023, 1.2079387654716367, -7.169787894274858, 8.544140111121486, 4.199388862044607, -2.030384244828924, 1.6223039161908352, -2.8087478588389834, -0.052148449653096396, 3.1847458673551645, 7.682130445816318, -3.3939436980323574, -0.9655733157459072, -7.2152634250051495, -7.355439807814413, -0.8302053520393173, -1.0071182792201934, -2.005079213011939, 5.774645517907237, -1.1339317783183358, 4.642307280193746, -2.69712404188755, -7.316311182431082, -0.8299893179705904, -0.9229725159473641, -2.751786391431178, -3.7800388574150823, 4.8050330932061875, -7.281567307743435, -3.1648895545638576, -3.7446727221760847, -1.1472708951512431, 4.419083893283927, 1.6440852385849962, -2.4106537079365538, 2.4480557919698547, 6.8252892243355525, 5.133525031982522, 1.152724535489697, 1.8394905448555026, -7.506900232202538, -0.2776402298410412, 1.7633187724126367, -4.161158673339526, -1.0279340543839388, 4.581812331843952, 1.3540104364401504, 3.6015144211010224, 8.825252046351544, 9.333957994246775, -3.295115639475707, 3.83630136982105, -6.4365287138288485, -6.930063479592378, 3.1166124056662814, -3.3659764642837544, 7.696022379923173, 2.3110155902715848, -3.0742790517431926, 1.63614396159937, -5.903865796512996, 2.4580658335257737, -1.8273993087980962, 3.1484536189349637, 4.759980887706537, 0.31944396448211876, 8.902015722385727, -2.7060952932940703, -0.948088314892834, 1.844555331332336, 5.228751618978836, 8.157793135758489, 3.824287671937526, -2.6650506658878297, -1.2471923242336436, 4.760328957830417, -3.441176171194255, -1.0539829907003178, 4.58523604518124, 0.7697128631500998, -1.046840792004557, 3.8514253154994558, -4.924540422158548, -0.28423148037197465, 3.48767283968622, 1.4782784794705826, 1.4920392279127883, -3.5889243659860535, 0.7338706456428565, -3.3637009232340516, 0.8358568302998477, -8.16672747971772, -1.4158113793947094, -1.0144129730406628, 1.0298414135851786, 0.5093642906368312, 4.519443310125974, 3.115191754829442, 0.1311557318820964, 1.8460468219993165, 11.094843800295205, 5.0458585113312715, 5.080217543125743, -2.261059920692774, -0.5707166254266106, 9.971159803155714, 0.5996780758866009, -2.7339862285961227, 5.051122082188059, 2.7279213456034443, 3.8441117599757098, -4.651151450009106, -0.7109457485515522, -8.202187776220248, 3.342535094385725, -6.206579233703548, -2.36966148232523, -0.37497639830467566, -2.6372252470574225, 2.8203901574993044, 0.7937291631014138, -0.44570485345698074, -2.218903064353622, 1.2656295309399277, 0.4658350128859645, 1.1486270352207364, 0.8499324039488902, 3.1286553556196597, -5.550506785666136, 2.364933982645461, 0.5303700322648132, -2.6370750045208906, 4.710094759026401, -1.1832205753671796, -4.1980504923554856, 1.388018716950835, -0.7007701464844436, -1.3478736849849733, 0.6314541441425467, 5.507389714213177, -2.608194174731465, 4.8208558778558706, 8.508874457152643, -5.743380554410503], [0.6959427301402656, 5.830462686237677, -2.710654139087999, 15.168920167689423, -1.7986238379587056, -1.9553593828322757, -0.0022132143775994706, -4.319131796817179, -8.328860407550561, -3.3472042975407756, 1.876021036207763, 3.163325861290488, -4.455498119070919, 1.843943649649317, -3.1540657929715232, 3.104004806619079, -5.359990231488844, 1.4657662906124356, 3.9109495991793284, -0.8653319875434442, 2.4654955479395504, -4.637936654639448, 2.381740261701464, 7.26043439859802, -2.7762762210813663, 4.3189865603706625, -0.7433819780404094, 1.4545645895470287, -3.315150183092736, -2.8478311529026508, 0.15192381496124185, -11.980667659032282, -6.689752634961989, 0.1812495225060886, -1.053335281292899, 3.5380769277918933, 6.382017895279958, 0.4065378484562303, 3.4698766661964497, 1.9147092879260081, 3.765092877266862, -4.53238076200617, 9.142350813892701, -1.361465847031893, 1.883788615752251, 3.0581005291319343, -1.8111064791773295, 2.2946773920942065, -1.832543554218178, 2.8817643374161843, -2.0780602983892678, 0.23567995006390374, -7.306251759573727, 4.310658440888008, 5.026290531365637, -1.9450741410194148, -8.275493098518943, 4.471856168977756, -2.3912679149467424, -3.386256344268959, -6.147085088484064, -6.846867050614181, -2.561586377306065, 4.164600744246698, -5.256822242392389, 2.183129930746927, -3.2451042484664954, 0.8490969212534023, -8.346491134683822, 0.056289746008702846, -0.7275670452415305, 0.90905499689437, 4.053736125829551, -1.6257910590799096, -0.6883221259898672, -0.12740294985950346, -0.6392144135358742, -3.2015348090842712, 3.6730590636864724, 5.6167632878749805, -0.8619514851585537, 2.402414561994134, 2.940594176205692, -1.8365997599617923, -1.0372486571018722, 7.672972503257378, -0.13053411665731218, 2.019940039015272, -5.099918639573485, -1.9506706575361838, 2.7715976007052525, 8.12809942241081, -4.9198307119845355, -0.9037896560088649, -1.7582003212026072, -1.5639413065185397, 2.480969283534894, 1.144982579296813, 2.7089056315101, 5.487358775242744, -1.3141057027979235, 1.1143590807179353, 2.995218916454121, 0.5211418083108325, -5.57764000975782, 2.127084821092607, 2.8625869891219873, -3.4673875042242805, 7.5929848716256325, -1.5957045925154048, 1.8890238190363502, 8.241759180870407, -5.335736684578038, 10.872936091006448, -2.4321591945850907, -0.41767431680150446, -4.982810765256717, -2.7632289108089974, -4.645921442966228, -5.539076247858448, -5.370768610026213, -1.0692964444230668, -4.698434806714206, 3.7456805673515667, 0.11845497407695471, -5.949428995172461, -6.2521165693642, 2.879974200508292, -3.388521313353388, 1.7672399422896943, 3.109942991680141, 6.260458752355385, 0.4758691169259879, -0.16748722610596722, -0.6329534620236362, -3.636696499019912, 1.6405560020223355, 0.9366423308921945, -0.7201458227495434, -7.2166672793792905, -0.5237338705054583, 1.6081168381286883, 0.7731368793572215, 1.9520279158670546, 2.8822116946080922, 3.282022150726646, 1.7987432509460168, -0.34802092256059236, 6.609140816597446, 5.383595808776135, 2.1341370437935865, -9.346338912423313, 6.358369598650621, -2.274293083852073, -0.10852528257512195, 4.245339715822578, 2.510073340368978, 3.130881387274002, 2.1043127151485717, -4.447477885775527, 0.6926267717642784, -4.432812098713527, -3.6231901812104645, -2.158165637252334, -5.809661335777044, -5.088092272626418, -5.033746424084092, -0.5008828341920915, 6.051987827399227, 2.5896191411813083, -1.8556501999394253, 1.5368991225377588, -1.973495601160617, -1.2459000034950407, 2.520334902972923, 0.7081012720529329, -1.4493854406843358, 4.6639650221244615, -4.26416880910887, 11.138219086828103, 0.4359607739198066, 1.1035292623041513, 0.6008642122417902, 4.600531229471793, 5.911021893159943, 3.7623082493440965, -5.130776442544857, 0.7551419196681348, -2.0634377262917107, 4.226047859158313, 4.476698192093675, -4.928168183291826, -1.8605800826507686, 2.6286365853262685, 0.8280729217941651, -2.0921940945794866, 3.5801762986980554, -6.561314238165725, -8.145774699736535, 4.384727296644529], [-2.7203976007158817, -8.407464349126146, -0.4327860381592046, -1.7986238379587056, 11.610327657406458, 4.63147752452358, 1.0361056251729883, 3.4694138326671817, 3.3588627006372347, 3.1843574926295872, -2.4647301511064637, -1.2596821105485259, -2.2805316099404047, 5.28741602886231, 8.4412791834196, 1.1461950588140495, 2.0549537070137824, -0.23104666216908676, 4.768444846021989, -6.9997237285041205, 0.3338312049452181, -3.5248891459731144, 1.7580060236345414, 1.4928414849397296, -2.1097630583296914, 2.083545718115274, -1.2955149505178858, 1.9621946838941606, -3.7584471423685137, 8.359607918807825, 0.5419323774075155, -1.499547719006129, 1.0951548221851146, 5.248418274723381, -3.166187855779068, 3.8042260537978176, -3.059404543879568, -0.9289393438645703, 1.080287902565907, 6.386875719724726, -3.7677737591742524, -0.3247535647863231, -4.860007408982749, -0.11546964809491234, -2.8534583358576415, 1.4742895944306313, 2.612252973955338, -0.3835046606023711, 2.7805512202523124, 6.12687150246985, -0.2370540854648857, -2.546157375459861, -0.0020289532613957384, 6.436986330061725, 2.0273377072968644, 1.6564211037543233, 6.103743411994705, 0.5518937656708927, 0.6664561787831134, 2.461754215758379, -0.09969271406493352, -1.9357140453548158, 5.036440909442968, 0.4645568458454359, 2.262266538458774, 3.9886750563998246, 1.7806252213469507, -0.8995324085647649, -1.2305564850677266, 0.2426784996252671, 3.112282544662246, 4.506301594632204, -5.96570384692236, 5.230622791707546, 6.162819461861025, -1.6827658003186818, 0.9675345093286603, 3.219043387775537, 1.6556370632383823, 0.4977878346214849, -1.2903157699065508, -2.516559801161696, -2.9427776089484383, 1.5696653526252393, -5.389754907510672, -4.437964949914383, -0.2749543426741068, -4.993918465704534, -1.208586226603832, 1.10410073320352, 0.2277280322211268, -1.2046149147673768, -5.169485317325808, 5.418502094971808, -4.8217864324793975, -2.266797855289281, -2.6076316903836076, 2.82250881477833, -3.5283598636053224, 1.4373596092480683, 0.17390534324398566, 0.7836509332338153, -0.3444888626097862, -0.7001625835630283, -2.9927938564611303, 3.97905304568041, 4.5210055636989726, 3.4565341945834462, -3.3092200020168794, 6.681344735842044, -8.290794384431122, 1.1770454223367124, 7.431713046695087, -4.971461391652114, 4.928020560378308, 0.1575282351540721, 6.5461496708339295, 3.296274096046263, -0.1690108158135729, 1.1429908181099646, -10.5943125917998, 1.592281582753353, -1.0046034564228967, 4.578258368593501, -1.4707678772778623, 1.787399286105163, 0.7459444214941848, 1.448907304900822, 5.4189603999473315, -1.2695227393853814, 1.2060332590186746, -6.331974160591045, -1.2481041703524696, 1.1294838352600367, 2.0566513603702052, -5.368716859805537, 3.4281476425433812, 2.7945129282661485, 4.2466962120113845, -2.8328156075625626, -2.8215762424202593, 1.8505566209380548, -2.919010270772154, 6.548085402458478, 0.15235932092356125, -0.11187802989084455, -5.22224340918308, 3.8070997353250604, -2.9251721333063974, -2.9686635154211682, -0.31296273484279236, -2.7547966170501805